0 0.221468 0.552427 0.137797 0.143861
0 0.377187 0.526480 0.075932 0.111852
0 0.111151 0.501851 0.105980 0.104321
0 0.296023 0.466232 0.058555 0.071420
0 0.168451 0.420196 0.041745 0.041470
0 0.479801 0.498997 0.068844 0.070075
0 0.621238 0.495403 0.061097 0.075450
0 0.107181 0.424391 0.044583 0.048206
0 0.467801 0.446970 0.028735 0.038887
0 0.850082 0.481445 0.038832 0.057593
0 0.347266 0.426943 0.036323 0.044894
0 0.816849 0.484393 0.046511 0.057086
0 0.258154 0.420360 0.035129 0.034354
0 0.707507 0.488141 0.064146 0.066612
0 0.038888 0.414145 0.046518 0.041810
