0 0.691121 0.851819 0.458503 0.282851
0 0.800631 0.648522 0.294383 0.284624
0 0.139498 0.912111 0.277883 0.167283
0 0.744861 0.394346 0.378112 0.213560
0 0.238541 0.846183 0.405325 0.274946
0 0.317370 0.518946 0.347257 0.187896
0 0.585654 0.915476 0.440902 0.167758
0 0.265535 0.430391 0.376959 0.140481
0 0.156437 0.281876 0.311879 0.181055
0 0.950255 0.687339 0.098747 0.209597
0 0.101091 0.627733 0.201732 0.164702
0 0.892656 0.250099 0.214511 0.135633
0 0.389530 0.753215 0.226152 0.183077
0 0.858370 0.316093 0.282473 0.140130
