0 0.345695 0.101261 0.147354 0.182965
0 0.434596 0.110022 0.066054 0.115265
0 0.118363 0.209027 0.226054 0.293274
0 0.056009 0.334336 0.112018 0.288230
0 0.190762 0.553650 0.142242 0.120310
0 0.086592 0.836858 0.116861 0.240619
0 0.863274 0.791239 0.151839 0.155929
0 0.312691 0.769204 0.172735 0.140354
0 0.481592 0.769181 0.139686 0.205531
0 0.364753 0.424580 0.088879 0.182965
0 0.426996 0.517367 0.172735 0.172788
0 0.273296 0.177699 0.129552 0.200531
0 0.526031 0.196482 0.076188 0.142876
0 0.581906 0.044867 0.050807 0.085221
0 0.877848 0.241615 0.093991 0.072699
0 0.947691 0.322942 0.081300 0.110487
0 0.835942 0.429580 0.121928 0.162876
0 0.722892 0.328053 0.068565 0.140354
0 0.654305 0.523562 0.104126 0.105265
0 0.517152 0.394491 0.083812 0.087743
0 0.937018 0.607522 0.125964 0.122832
0 0.748296 0.625088 0.124484 0.092743
