0 0.720691 0.147131 0.066691 0.294262
0 0.777400 0.125820 0.073418 0.251639
0 0.337836 0.125820 0.074873 0.251639
0 0.979600 0.135082 0.040800 0.152896
0 0.761545 0.314290 0.208473 0.280710
0 0.898709 0.457158 0.202582 0.125355
0 0.253691 0.126311 0.040036 0.240601
0 0.895364 0.553661 0.209273 0.127869
0 0.880364 0.680219 0.239273 0.195519
0 0.951255 0.920328 0.097491 0.159344
0 0.734873 0.896503 0.071709 0.206995
0 0.687345 0.737896 0.076727 0.210546
0 0.132764 0.197787 0.155127 0.248033
0 0.083564 0.115027 0.166764 0.228087
0 0.747382 0.702787 0.146764 0.220546
0 0.670655 0.845656 0.090036 0.105301
0 0.517218 0.766721 0.140109 0.298251
0 0.608127 0.542377 0.138436 0.255683
0 0.562255 0.206530 0.070036 0.200492
0 0.495527 0.419590 0.050036 0.396011
0 0.307055 0.419563 0.216800 0.080219
0 0.387964 0.493525 0.178473 0.248142
0 0.094400 0.488497 0.185164 0.197978
0 0.116073 0.769208 0.148436 0.293279
0 0.290382 0.601284 0.096764 0.238087
0 0.218655 0.704044 0.123418 0.193005
0 0.332091 0.227842 0.086727 0.248142
